67 4 72
91 73,43 3,3 14,94 29,13 52,30 57,12 48,28 10,49 92,51 4,80 96,35 78,39 98,86 50,13 52,65 32,35 78,57 14,49 92,69 84,71 10,75 87,76 32,46 99,17 27,16 92,84 39,28 10,41 61,87 55,65 32
-28 65,6 3,-23 51,-36 18,47 39,-6 6,27 21,-35 72,-28 65,45 49,-20 27,-19 9,43 96,35 75,1 13,-3 50,24 79,37 4,5 76,5 76,52 66,-9 10,-5 92,36 65,41 30,8 44,-31 9,19 61,15 92
-42 9,37 10,4 92,0 6,24 75,4 92,-29 45,43 73,-24 63,8 61,-21 79,1 92,39 55,-35 52,3 4,-50 2,-3 44,-5 3,-22 7,-1 7,-25 28,-46 72,-31 27,-18 57,-41 97,-48 50,41 66,-4 42,25 65,-9 98,-19 43,47 74,-17 6,12 5,-1 7,-26 58
62 30,69 10,24 83,40 61,-10 9,1 27,-17 39,67 51,-17 39,65 92,66 49,65 92,22 13,74 19,32 6,63 28
19 66,-70 50,-28 76,-55 67,10 96,-53 27,-4 68,-36 50,6 32,22 45,-70 50,-50 57,-30 83,-12 48,-50 57,-58 48,-56 51
20 92,9 32,85 82
34 36,18 79,-23 57,30 65,-34 65,50 11,-18 80,29 75,44 55,-29 51,-3 83,48 73,48 73,48 73,-33 92,-30 52,-21 58,36 28,17 5,10 73,26 84,0 3,-17 7,-4 98,19 14,43 50,30 65,43 50,39 49,-8 78,27 99,32 87,38 92,-2 61,29 75,38 92,-28 67,14 14,2 44,38 92,13 61,-40 14,-1 76,-2 61,50 11
-31 67,-1 44,-1 44,15 79,51 82,-2 42,34 96,-3 3,-26 57,24 99,-14 92,16 14,0 99,6 92,11 14,-42 45,-34 48,-19 79,24 99,-27 45,42 52,45 73,-10 20,-26 57,-34 48,18 21,-38 48,29 87,-13 55,-9 62,-13 55
4 44,7 51,48 28,61 55,8 67,41 6,1 48,40 7,88 74,90 82,51 48,56 49,68 87,35 76,-1 9,89 16,-6 18,41 6,65 75,23 57,8 67,80 55,41 6,15 58,-8 39,26 55,81 52,87 29,54 79,76 51
-58 62,-90 48,-47 6,-93 72,-32 49,-73 58,-63 92,-12 51,-33 14,-41 18,-85 92,-79 92,-86 65,-83 48,-58 62,-61 50,-65 57,-57 13,-43 92,-92 14,-55 83,-49 99,-79 92,-22 65,-92 14,-78 27,-2 11,-29 68
20 68,8 18,-15 6,-15 6,1 7,44 19,-4 76,38 39,-10 20,8 18,36 49,-34 48,-37 65,47 11,-28 9,47 11,-44 72,13 6,33 28,-42 45,-44 72,-10 20,-17 43,-12 50,42 52,22 55,-29 27,19 32,16 14,18 21,25 10
-63 50,-6 14,33 16,-18 44,-9 18,-34 43,-8 28,-30 55,-63 50,15 30,-37 7
-73 27,-3 55,-48 76,-90 50,-52 13,-66 63,3 11,-7 51,-70 57,-23 16,-4 50,-81 65,2 45,-34 61,-19 10,-40 13,-48 76,-4 50,-80 92,-48 76,-58 92,-83 97,-22 55,-90 50,-15 87,-20 99,-20 99,-55 78,7 82,-85 48,-83 97,-36 18,-71 45,-86 45,-82 48,-48 76,-32 48,-33 14,-78 48,-34 61,-25 32,6 16,-5 10
-40 72,-5 62,20 14,26 55,5 7,-36 9,28 99,-8 50,-14 10,50 45,52 29,-29 52,-4 13,-17 80,44 50,35 36,-4 13,-35 97,9 4,-26 92,-39 14,5 7,-26 92,-7 78,-24 9,20 14,-36 9,46 52,-43 39,36 30,21 49,-3 98,-13 43,17 6
-26 57,-40 9,-26 57,-19 79,-38 48,39 10,51 82,8 18,-16 57,-12 50,21 16,37 51,51 82,-41 48,-24 58,-44 72,-21 80,40 50,51 82,-47 39,16 14
-25 80,15 32,9 6,43 11,11 79,-43 97,17 16,16 68,29 28,38 52,-15 78,40 19,23 65,-36 51,7 14,-32 9,22 75,-7 3,-41 65,-5 44,29 28,-12 13,-46 45,28 30,-23 79,16 68,7 14,14 21,-42 48,-50 50,-26 63,-35 67,45 74,-41 65,13 49,-50 50,0 13,29 28,28 30,25 87,38 52,-46 45,-39 44,-26 63,22 75,-21 43,39 66,45 74
11 5,1 13,-11 13,-27 58,-6 3,-46 14,9 48,-40 65,-44 48,-9 83,31 96,-39 92,4 73,11 5,14 49,-8 61,-31 9,-25 63,-22 79,-35 51,46 74,-18 6,22 10,27 32,-23 7,20 84,-12 62,-45 45,-10 98,-49 50,-12 62,28 36,-30 45,-38 44,3 92,9 48,3 92,45 29,-23 7
-25 83,-28 62,31 16,-5 5,-66 39,-61 45,-29 20,-4 79,-28 62,-48 27,11 32,-27 13,30 74,18 51,-21 42,21 50,-14 4,-41 63,10 87,17 49,-48 27,0 32,-18 7,19 39,-56 65,10 87,-54 44,1 68,-27 13,-57 48,-12 73,-6 6,-1 21,23 52,18 51,-45 57,3 55,-51 51,-26 98,-40 80,-16 92
7 82,-56 50,-12 30,-4 50,-39 4,-35 28,-54 20,-27 49,7 82,1 73
64 66,46 10,-15 92,-11 51,38 49
81 52,11 9,35 76,53 5,-8 39,83 19,54 79,-9 2,42 92,77 39,27 50,46 73,-5 72,87 29,83 19,64 10,15 58,-1 9,68 87,19 7,55 14,75 49,64 10,66 65
-12 6,38 92,-14 43,-43 50,-15 10,4 7,22 32,-30 52,-44 39,-12 6,-6 62,21 21,25 55,-27 92,-30 52,-33 92,-40 14,28 10,36 28,54 82,-11 92,14 14,7 13,-43 50,-26 27,50 11,-1 76,-25 9,15 48,-44 39,37 96,-22 32,-4 98,17 5,-31 48
2 14,11 68,0 28,-38 27
32 14,51 92,51 92,-9 32,47 36,49 28,1 6,3 55,3 55,0 57,4 50,67 82,-3 79,-18 48,-1 43,38 55,64 29,-17 52,-18 48,44 4,32 14,55 10,67 82,-16 51,-14 92,-25 48,51 92,-9 32
4 5,-55 18,-38 9,-57 39,19 87,-37 45,-50 9,-2 18,36 45
13 98,28 18,37 49,33 6,-26 50,25 4,-2 63,-26 50
-60 18,-18 3,-46 67,30 73,-12 92,29 19,-50 44,-38 28,30 73,-28 55
-24 18,-65 52,8 50,-40 13,-7 10,-39 98,-1 36,-69 65,4 49,-30 6,-31 7,7 10,-77 18,-67 44,-74 45,-65 52,-39 98,-58 57,6 39,1 28,19 82,-74 45,-5 65,6 39,-78 50,-7 10,-67 44
18 28,88 11,74 28,-2 14,1 9,84 66,36 61,77 49,8 52,9 51,14 45,62 16,29 50,43 6,82 55,79 39,74 28,22 79,14 45,27 92,50 28,88 11,11 92,49 18,71 32,58 49,49 18,17 58,25 57,81 50,68 65,64 84,41 99,5 92,15 57,38 3,58 49,34 98,65 99,14 45
-31 99,15 45,-35 76,-57 57,-47 57,-40 62,-39 13,-44 55,-76 18,-53 63,-39 13,-59 9,9 50,2 28,-49 10,-2 87,-62 67,3 96,-70 97,-78 39,8 10,-4 65,-6 10,-34 3,-59 9
17 80,87 74,30 13,41 92,59 16,79 55,75 51,31 98,78 50,27 78,76 39,9 27,74 49,40 6,-1 97,25 55,83 73,46 18,41 92,37 44,64 75,78 50,66 4,-6 72,69 36,-3 48,16 63,2 92,50 48,-5 14,2 92,76 39,83 73,76 39,17 80
47 52,-29 48,43 39,-31 92,55 16,-9 92,33 4,35 32,39 96,-25 92,-39 72,19 5,-25 92,-37 45,-6 78,37 30,-39 72
-20 78,-51 45,-29 7,-21 50,-52 14,34 66,28 51,23 30,20 87,1 61,15 99,6 79,-22 55,-7 6,16 10,28 51,-32 28
20 63,4 48,14 9,65 84,47 4,9 52,4 48,73 36,89 11,44 6,92 16,83 55,-5 39,15 45,46 13,83 55,88 45,9 52,17 32,93 82,50 18,17 32,79 51,43 7,28 92,54 48
-41 92,-45 44,-47 3,4 29,-72 9,-27 49,-5 10,-56 50,-62 10,-10 96,-55 78
5 48,-49 45,-46 97,10 49,37 19,-39 51,-47 9,16 84,2 28,41 29,-53 50,-41 48,-18 78,-32 32,33 50,-31 58,23 32,35 52,-12 61,41 29
19 16,12 5,46 29,-1 7,-10 13,-19 43,23 10,44 45,-9 98,41 66,-1 7,46 29,43 73,-47 18,42 19,-6 76,46 29,5 73,45 11,-7 61,17 32,-29 45,13 79,-41 97,-12 20,-38 92,-23 80,-42 9,-14 50,-6 76,17 32,-10 13,-42 9,-9 98
-56 57,-44 92,6 49,-61 67,-19 14,-77 39,-26 13,4 96,-50 7,-13 49,-74 72,-73 14,15 73,0 32,-25 4,3 28,-61 67,-34 76,-50 7,-35 61,2 30,-10 68,-53 28,-16 5,-53 28,-54 58,-69 97,6 49,-9 16,21 82,4 96,-76 50,16 45,-59 27,-30 99,12 52,-60 92,-45 6,-60 92,0 32,9 10
26 42,67 10,60 30,29 7,74 45,20 13,44 14
-8 92,-43 27,-37 28,3 49,7 16,-25 78,-48 48,-21 98,-53 97,-59 18,-12 6,-53 97,-60 50,-5 28,25 10,23 51,-31 43,-40 57,-49 44,-46 51,-57 14,6 68,-12 6,-34 7,-30 57
44 28,45 61
-35 79,-81 67,-6 19,-87 65,-30 68,-70 7,-31 32,-28 55,-6 19,-66 57,-74 58,-74 58,-97 39,-27 84,-87 65,-76 57,-32 21,-45 4,-69 79,-80 92,-42 18,-23 65,-19 36,-74 58,-82 51,-54 76,-90 9,-79 27,-23 65,-40 61,-47 92,-46 13,-35 79,-88 48,-73 28,-38 48,-86 92,-27 84,-61 78
-82 39,-33 6,-8 65,14 74,-73 48,16 82,-3 30,-14 16,3 39,-17 21,-35 99,-59 58,7 52,-63 9,-3 30,-24 14,-28 73,-57 63,-72 65,2 51,-9 75,-43 13,-22 6,-54 79,-78 14,-70 44,-81 50,-49 92,-4 36,-14 16,-3 30,-28 73,-51 57
-13 99,-30 43,-6 73,-54 48,-51 48,0 6,5 21,-45 51,-33 7,-24 78,25 39
-11 49,-63 44,-24 13,-76 2,-12 14,-52 58,19 11,16 19,18 45,14 52,-2 75,4 30,-32 76,-35 98,-12 14,-24 13
61 14,26 79,19 57
43 51,17 14,18 48,-14 7,25 32,52 45,44 39,-31 65,-30 92,46 50,39 28,13 73,36 32,-36 45,20 5,33 65,-8 92,46 50,51 73,13 73,45 10,-29 44,18 48,31 10,7 7,-10 57,1 61,22 14,35 87,-1 98,-25 67,6 99,-32 48,11 4,46 50,-25 67,-14 7,21 79,-17 28,27 16,37 36,56 16,-25 67,7 7
-28 51
-36 79,-80 27,-33 21,-53 42,-73 63,-73 63,-11 50,0 82,-5 45,-40 14,-28 84,-23 4,-16 92,-64 55,-38 6,-92 48,-85 48,-42 28,-66 6,-48 92,-88 65,-8 66,-6 73,-89 48,-5 45,-91 9,-33 21,-26 10,-50 7,-60 62,-71 7,-99 2,-44 73,-56 61,-62 78,-43 18,-51 99,-12 10,-25 75,-83 51,-6 73,-45 92,-98 39
44 92,6 44,48 73,62 16,45 13,-1 45,26 6,47 92,67 75,14 45,82 55,54 6,9 51,23 10,48 73,17 58,46 4,-7 2,70 87,46 4,43 6,43 6
29 55,89 11,9 52,17 32,14 9,65 84,86 19,59 49,-6 2,20 63,12 92,56 5,2 9,30 50,81 10,33 62,-5 39,17 32,-5 39,16 57,19 28,83 55,72 32,39 3,7 44,92 16,55 6,28 92,26 57,5 65,63 16,35 98,45 92,92 16,17 32
-91 39,-31 6,-63 79,-13 36,-58 92,-87 14,-44 99,-11 28,-45 44,-28 14,-15 87,-18 75,-42 6,-55 78,-63 79,-30 5,-74 92,-11 28,-75 67,4 29,-58 92,-4 50,-13 36,-89 18,-75 67,-19 10
33 42,22 55,38 92,15 7,46 14,18 43,52 49,68 28,77 52,9 57,37 6,-6 48,18 43,58 84,11 58,25 20,-6 48,-11 50,57 55,22 55,-7 45,32 3,20 6,9 57,-9 72,70 92,9 57,9 57,27 13
90 45,5 97,3 48,14 92,21 28,74 32,85 55,53 28,34 20,64 68,68 99,21 28,55 14,7 65,8 92,58 5,48 13,70 75,56 48,71 65,68 99,95 82,18 57,76 30,51 73
1 73,-5 10,-89 18,-90 50,1 73,-60 57,-22 55,-67 28,-52 13,6 16,-65 80,-41 92,-90 50,-46 42,-78 48,-61 43,-72 9,-85 48,-3 55,3 11
-47 63,-1 99,-4 16,-19 92,-54 27,13 39,-48 28,-53 9,-7 21,-60 44,-60 44,-22 92,-11 5,23 29,-70 18,-23 6,-2 84,-63 48,-12 6,-4 16,-21 13,24 74,-5 68,-73 2,2 65,-9 14,-57 51,-44 79,-8 49,-38 55,4 87,14 10,-64 97,-55 92,-41 57,-23 6,-25 99,-30 61,-46 80,-60 44,-41 57,-20 4,-52 45,-21 13,-6 32,1 75
23 98,13 43,32 6,69 10,61 36,52 55,65 92,26 76,76 45,46 14,28 42,69 10,-15 18,50 68,9 80,67 51,14 57,6 58,7 28,5 32,10 7,29 44,62 30,49 32,76 45,12 10
-4 58,32 48,10 20,-27 39,32 48,44 99,21 7,-21 48,68 29,22 6,-17 65,21 7,-16 92,43 84,11 62,65 73,37 49,13 98,28 18,52 30,54 96,-5 32,-20 9,-23 14,49 87,-5 32,8 50,64 19,42 55,-20 9,35 79,-9 27,66 45,51 36,14 83,21 7,-26 50,27 73,39 32,-20 9,26 92,8 50
13 75,15 4,33 45,-22 62,6 32,26 10,-57 72,-11 6,-24 78,-13 99,9 55,26 10,-46 52,-40 45,-32 79,19 30,15 4,18 36,9 55,-37 58,-41 9,-49 92,-60 39,-33 7
28 83,44 61,27 98,49 79,48 5,61 65,55 16,24 20,23 78,28 83,-4 48,-11 18,58 99,74 50,-1 44,78 19,9 32,82 29,70 49,39 4,48 5,50 14,-7 48,54 68,-7 48,23 78,47 6,81 11,19 6,11 28,14 7
19 32,-11 78,41 55,30 32,-44 72,-46 50
48 92,65 84,65 84,91 74,67 10,13 27,39 3,43 7,27 6,2 9,16 57,35 98,-1 14,28 92,-4 50,41 44,-1 14,73 36,8 48,41 44,66 99,15 45,46 13,65 84,84 52,93 82,21 80,12 92,33 62,93 82,74 30,26 57,39 3,92 16,51 28,54 48
0 14,87 19,5 48,39 76,92 74,49 92,20 28,36 98,63 68,33 20,33 20,48 4,57 5,82 10,22 80,10 52,16 45
-33 42,-48 43,-22 28,-33 42,-71 9,1 30,-48 43,-75 72,-39 13,-22 28,-55 58,-35 76,-78 39,-78 39,-50 79,9 50,-72 48,15 45,-66 44,-74 14,-65 48,-7 99,11 52,-21 61,0 36,-63 51,13 19,-51 7,-16 79,-49 10,-71 9,-9 55
-4 48,1 52,35 7,13 80,72 39,14 7,30 76,62 4,59 10,30 76,7 45,65 36,-14 2,25 62,59 10,44 61,74 50,42 18,59 10,85 82,28 83,13 80,68 96,71 51,30 76,0 48,84 16,10 58,65 36,62 4,26 13,25 62,29 61,23 78,41 73,82 29,15 79,53 32,50 14,72 39,13 80,-8 45,-14 2,13 80,65 36
12 6,9 61,45 45,-1 99
54 65,25 42,45 21,58 36,3 58,-21 2,46 32
-22 48,14 42,20 13,22 92,-16 51,39 84,-7 28,-4 7,-10 57,67 82,41 10,32 14,-10 57,27 14,54 39,61 73,43 65,19 92,13 3,-20 92,-2 10
-7 6,-40 7
39 73,10 63,42 61,20 50,22 20,20 50,-6 48,33 7,18 92,42 61,38 92,7 32,11 80,46 5,25 98,45 6
-32 32,40 11,36 66,-8 44,-54 39,-2 4,-37 92,-41 48,-19 50,-1 92,-20 55,33 50,-50 14,-43 92,27 96,3 61,11 21,-20 55,38 73,-47 9,23 32
-67 67,-9 65,-84 2,-83 39,6 52,-2 96,-84 2,8 19,-16 68,-28 18,-6 32,6 52,-30 92,-48 50,-43 98,-79 14,-79 14,-13 84,-49 55,10 45,-37 44,-48 50,-27 28,-73 65,-65 27,-18 21,-51 6
-34 49,-16 92,-31 68,-55 76,-81 92,-14 51,0 82,-13 39,-37 5,-66 6,-3 29,-91 9,-2 74,-51 99,-6 73,-26 10,-81 92
77 10,7 67,72 96,32 83,13 32,73 92,9 27,3 44,53 79,9 27,13 32,33 61,85 11,35 3,3 44,61 84,8 92,45 73,-7 18,-8 50,41 92,-9 39,-2 9,22 57,85 11,-10 2,36 42,24 92,20 10,41 92,35 3,9 27,15 28,28 20
-75 2,20 11
-11 92,-12 4,15 30,-56 97,-15 6,-38 80,-11 92,-63 50
19 32,16 9
-26 6,11 16,4 66,-42 3,-31 18,-84 18,5 19,-2 51,-70 67,-3 49,-70 67,-72 52,-16 84,-69 92,-28 14,-42 3,-80 48,7 45,-83 72,-6 28,1 50,-47 13
-25 48,-29 18,24 18,-18 48,-9 32,8 13,5 78,7 62,-4 7,38 55,-2 10,6 20,32 14,-7 28,34 21,45 87,-24 9,9 98,58 52,-18 48,32 14,-27 14,56 50,56 50,30 5,-19 44,47 36,42 75,37 16,9 98,62 45,42 75,62 45,-6 63,-32 2,4 50,57 55,-14 92,58 52,43 65
-17 27,-26 48,-23 44,23 14,4 13,53 55,52 50,31 32,63 82,9 3,-34 50,-19 67,-15 45,52 50,38 75,38 75,7 61,-28 9,8 76,-33 18,50 39,57 73,-18 92,-16 9,44 30,-3 6,-3 6,19 73,-9 80,5 98,-8 7,8 76,27 79,62 16,53 55
51 28,17 44,38 68,62 19,15 3,-30 2,46 4,23 4,50 30,41 84,18 99,58 50,-20 48,11 98,54 49,-21 97,-23 48,15 3,-2 7,23 4,18 99
60 50,-1 80,4 57,56 49,2 10,3 43
-5 66,-70 63,-67 79,-81 52,-96 2,-49 44,-94 50,-42 92,-19 87,-89 48,-56 13,-21 65,-24 99,-82 48,-71 28,-4 19,-12 49,-42 92,-57 62,-20 4,-36 48,-45 92,-44 13,-3 73,-20 4,3 82,-39 28,-68 7,-23 10,-66 10,-4 19,-35 6,-90 45,-16 30,-87 97,-86 48,-18 32,-55 98,-70 63,-46 6,-89 48,-53 61,-26 55,0 29
-52 13,-38 92,-12 30,5 74,-62 10,-62 10,-85 48,-83 97,1 73,-56 50,-58 92,-18 75,-41 92,-67 28,-49 61,-34 61,-67 28,-84 9,-88 72,-87 14,-2 52,-34 61
-48 39,-28 45,-45 72,-19 10,-3 42,-17 57,27 4,25 75,33 96,43 19,-28 45,-20 79,-13 50,3 13,20 16,-13 50,-6 61
-46 14,7 61,-14 78,31 96,26 87,18 16,-1 6,29 30,18 16,-20 43,-15 50,-12 62
6 3,-21 92,44 92,-24 52,3 83,37 4,-20 27,-39 2,50 55,49 50,-22 67,22 6,-29 48,28 32,55 45,-2 78,29 68,-25 48,-19 9,15 92,45 49,40 36,58 74,47 39
59 16,64 75,-8 50,1 65,13 32,40 6,77 10,80 52,76 39,84 45,-10 2,77 10,61 84,27 78,27 78,-10 2,-3 48,38 99,66 4,13 32,60 55,48 61,54 14,46 18,69 36
24 75,45 11,45 11,1 92,28 32,-2 99,4 92,-4 42,19 16,20 55,-5 3,19 16,-27 32,44 45,39 55,28 32,-28 57,4 92,-12 20,-39 65,-27 32,-45 14,-3 44,48 16,-33 67,-36 48,16 21,-3 44,-42 9,38 50,39 55,34 49
6 6,7 5,33 50,35 52,-36 27,25 30,13 68,-40 52,-45 48,-29 63,15 55,22 87,0 73,-10 3,29 49,9 14,5 48,-42 44,29 49,-37 92,-52 18,-53 50,40 11,-46 97,-12 61,21 4,19 75,38 73,-9 42,-25 10,-13 83,23 32,-21 92
-31 45,-20 57,3 73,-50 50,-44 9,-38 48,-51 39,-31 45,36 50,7 14,31 92,-6 42,38 52,-49 18,37 55,22 75,40 19,37 55,-49 18,-37 52,-37 52,-16 50,14 21,-19 6,25 87,-32 9,-15 78,45 74,36 50,14 21
-32 92,-62 72,-20 42,-62 72,-9 28,-35 43,-56 48,12 32,20 39,18 49
-10 97,-3 51,35 92,44 79,15 92,37 18,4 32,-7 92,67 39,29 99,61 30,24 61,19 20,59 32,35 92,4 32,-19 2,3 57,65 49,39 61,9 7,-12 48,3 57,-18 39,-9 48,38 28,-10 97,53 99,65 49,68 10,42 6,37 18,-8 65,19 20,50 16,48 32,41 48,15 92,50 16,73 19,49 68,51 55,41 48,69 50
-58 52,10 92,1 75,19 19,-66 48,15 50,-46 80,-12 6,-26 44,23 29,24 74,-37 50,10 92,-69 72,22 11,-27 42,-51 57,7 30,-33 13,-11 5,-29 76,-72 39,-62 65,2 65,-53 9
47 19,16 6,-43 50,1 42,34 36,-44 39,51 29,51 29,-11 92,53 16,-28 67,34 36,-18 80,9 92,-9 50,40 51,6 92,3 99,-15 10,-23 57,-26 27,39 49,49 45,4 7,-12 6,7 13,41 39,-1 76,50 11,12 28,16 6,-22 32,33 32,51 29,43 50,-15 10,-27 92,1 42
56 32,23 92,74 51,29 13
42 84,38 32,-5 58,-2 80,39 68,13 83,-11 92,69 16,62 66,-7 57,23 13,-3 63,-14 52,1 10,55 49,47 4,4 6,60 55,-2 80,54 92,15 76,56 51,10 62,28 28
-40 92,19 73,-21 4,-33 98,-15 14,4 32,-55 27,-58 51,-71 18,-47 80,-30 76,-67 48,3 87,-29 3,-62 92,-29 3,-20 92,-66 9,-55 27,-32 83,-53 45,-1 10,-33 98,-26 99,8 96,-39 55,-30 76,-55 27,-2 99,-39 55,-8 21,-56 92
17 6,-9 48,32 99,27 61,-1 52,-2 48,6 57,81 74,31 44,27 61,59 65,49 49,-15 39,74 52,37 4,42 61,7 32,4 9,2 92,62 32,-9 48,70 39,1 67,22 20,-4 92,46 5,26 83,21 78,-8 9,43 14,-15 39,42 61,14 10,25 98
-31 92,-80 50,-62 9,-33 7,-69 44,-3 36,-45 78,-28 92,-32 6,-58 58,-18 14,-35 44
